3.300000000000000155e-01 4.887000000000000233e-01 -5.000000000000000278e-02
3.300000000000000155e-01 4.887000000000000233e-01 1.000000000000000056e-01
3.300000000000000155e-01 4.887000000000000233e-01 2.500000000000000000e-01
3.300000000000000155e-01 4.887000000000000233e-01 4.000000000000000222e-01
3.300000000000000155e-01 4.887000000000000233e-01 5.500000000000000444e-01
3.300000000000000155e-01 4.887000000000000233e-01 6.999999999999999556e-01
3.300000000000000155e-01 3.387000000000000011e-01 -2.000000000000000111e-01
3.300000000000000155e-01 3.387000000000000011e-01 -5.000000000000000278e-02
3.300000000000000155e-01 3.387000000000000011e-01 1.000000000000000056e-01
3.300000000000000155e-01 3.387000000000000011e-01 2.500000000000000000e-01
3.300000000000000155e-01 3.387000000000000011e-01 4.000000000000000222e-01
3.300000000000000155e-01 3.387000000000000011e-01 5.500000000000000444e-01
3.300000000000000155e-01 3.387000000000000011e-01 6.999999999999999556e-01
3.300000000000000155e-01 1.887000000000000066e-01 -2.000000000000000111e-01
3.300000000000000155e-01 1.887000000000000066e-01 -5.000000000000000278e-02
3.300000000000000155e-01 1.887000000000000066e-01 1.000000000000000056e-01
3.300000000000000155e-01 1.887000000000000066e-01 2.500000000000000000e-01
3.300000000000000155e-01 1.887000000000000066e-01 4.000000000000000222e-01
3.300000000000000155e-01 1.887000000000000066e-01 5.500000000000000444e-01
3.300000000000000155e-01 1.887000000000000066e-01 6.999999999999999556e-01
3.300000000000000155e-01 1.887000000000000066e-01 8.499999999999999778e-01
3.300000000000000155e-01 3.869999999999999829e-02 -2.000000000000000111e-01