0.0027689811443757156 0.91 0.22182731825968238
-0.18289728702890415 0.91 0.44464401826667577
-0.18763348449409026 0.91 0.19774864025263694
-0.1902530269036858 0.91 -0.06490209724391938
-0.1902530269036858 0.91 -0.24490209724391954
0.18775539622009343 0.91 0.44738570183127213
0.19161918178286744 0.91 0.20043811294310498
0.1875327284107993 0.91 -0.061894019815020185
0.1875327284107993 0.91 -0.24189401981502012
-0.10448215643842106 0.91 -0.0014443231699901027
0.10934462593967519 0.91 -0.002158099729544727
-0.09909397145511273 0.91 -0.47352796515269685
-0.09760959819069354 0.91 -0.8650625632315347
-0.09348057674302042 0.66 -0.9375629998234508
0.10017655124988514 0.91 -0.4743367985281096
0.09475139023361091 0.91 -0.8656513276461315
0.08986204577520766 0.66 -0.9390092579596458
0.001989930466737736 0.91 0.5282683219814495
0.0023061337692988374 0.91 0.6089218036875372
